0
1
0
-2
-6
-13
-22
-32
-40
-45
-43
-33
-17
2
19
29
28
17
-2
-21
-33
-32
-18
5
28
42
40
20
-10
-39
-55
-49
-21
18
55
71
59
20
-32
-75
-91
-69
-15
51
102
114
78
4
-79
-135
-138
-82
16
116
175
163
79
-46
-163
-219
-185
-67
90
222
268
201
41
-151
-292
-318
-207
3
229
372
365
197
-70
-326
-460
-403
-166
162
443
551
427
107
-283
-578
-640
-428
-13
436
726
719
396
-121
-621
-884
-777
-324
302
837
1042
804
199
-533
-1079
-1189
-786
-13
816
1341
1313
708
-246
-1153
-1613
-1396
-554
585
1540
1881
1420
307
-1012
-1972
-2129
-1362
52
1535
2441
2335
1196
-543
-2160
-2936
-2473
-892
1191
2895
3443
2513
409
-2028
-3751
-3946
-2413
305
3103
4751
4429
2116
-1335
-4497
-5943
-4875
-1530
2830
6370
7429
5267
483
-5097
-9077
-9464
-5590
1429
8921
13585
12795
5830
-5487
-17056
-23664
-20720
-5979
19372
50685
80977
102894
110887
102894
80977
50685
19372
-5979
-20720
-23664
-17056
-5487
5830
12795
13585
8921
1429
-5590
-9464
-9077
-5097
483
5267
7429
6370
2830
-1530
-4875
-5943
-4497
-1335
2116
4429
4751
3103
305
-2413
-3946
-3751
-2028
409
2513
3443
2895
1191
-892
-2473
-2936
-2160
-543
1196
2335
2441
1535
52
-1362
-2129
-1972
-1012
307
1420
1881
1540
585
-554
-1396
-1613
-1153
-246
708
1313
1341
816
-13
-786
-1189
-1079
-533
199
804
1042
837
302
-324
-777
-884
-621
-121
396
719
726
436
-13
-428
-640
-578
-283
107
427
551
443
162
-166
-403
-460
-326
-70
197
365
372
229
3
-207
-318
-292
-151
41
201
268
222
90
-67
-185
-219
-163
-46
79
163
175
116
16
-82
-138
-135
-79
4
78
114
102
51
-15
-69
-91
-75
-32
20
59
71
55
18
-21
-49
-55
-39
-10
20
40
42
28
5
-18
-32
-33
-21
-2
17
28
29
19
2
-17
-33
-43
-45
-40
-32
-22
-13
-6
-2
0
1
0
