0
0
0
0
0
-1
-1
-2
-3
-3
-3
-2
-1
0
1
2
2
1
0
-1
-2
-2
-1
0
2
3
2
1
-1
-2
-3
-3
-1
1
3
4
4
1
-2
-5
-6
-4
-1
3
6
7
5
0
-5
-8
-9
-5
1
7
11
10
5
-3
-10
-14
-12
-4
6
14
17
13
3
-9
-18
-20
-13
0
14
23
23
12
-4
-20
-29
-25
-10
10
28
34
27
7
-18
-36
-40
-27
-1
27
45
45
25
-8
-39
-55
-49
-20
19
52
65
50
12
-33
-67
-74
-49
-1
51
84
82
44
-15
-72
-101
-87
-35
37
96
118
89
19
-63
-123
-133
-85
3
96
153
146
75
-34
-135
-183
-155
-56
74
181
215
157
26
-127
-234
-247
-151
19
194
297
277
132
-83
-281
-371
-305
-96
177
398
464
329
30
-319
-567
-592
-349
89
558
849
800
364
-343
-1066
-1479
-1295
-374
1211
3168
5061
6431
6930
6431
5061
3168
1211
-374
-1295
-1479
-1066
-343
364
800
849
558
89
-349
-592
-567
-319
30
329
464
398
177
-96
-305
-371
-281
-83
132
277
297
194
19
-151
-247
-234
-127
26
157
215
181
74
-56
-155
-183
-135
-34
75
146
153
96
3
-85
-133
-123
-63
19
89
118
96
37
-35
-87
-101
-72
-15
44
82
84
51
-1
-49
-74
-67
-33
12
50
65
52
19
-20
-49
-55
-39
-8
25
45
45
27
-1
-27
-40
-36
-18
7
27
34
28
10
-10
-25
-29
-20
-4
12
23
23
14
0
-13
-20
-18
-9
3
13
17
14
6
-4
-12
-14
-10
-3
5
10
11
7
1
-5
-9
-8
-5
0
5
7
6
3
-1
-4
-6
-5
-2
1
4
4
3
1
-1
-3
-3
-2
-1
1
2
3
2
0
-1
-2
-2
-1
0
1
2
2
1
0
-1
-2
-3
-3
-3
-2
-1
-1
0
0
0
0
0
