9.039541099740888629e-07
1.036644949040276473e-06
9.248985910143326191e-08
-3.529273328643766691e-06
-1.131105019680992716e-05
-2.408376536793746045e-05
-4.124706131978153460e-05
-6.025077865863056893e-05
-7.669029061064963908e-05
-8.522619171312256368e-05
-8.124217476821313157e-05
-6.278139197345620982e-05
-3.202462378096040095e-05
4.427129117223360885e-06
3.691756940540198516e-05
5.560048510327232673e-05
5.398424590019693667e-05
3.187393399540153899e-05
-3.621199425389534020e-06
-3.977135481744266870e-05
-6.240806466727793730e-05
-6.129724007598496345e-05
-3.468992738421977108e-05
8.966101695339193832e-06
5.328340329548980213e-05
7.978383886356950100e-05
7.537207704948343438e-05
3.849152686897534267e-05
-1.883784788318479424e-05
-7.450804640966826218e-05
-1.045611221563920478e-04
-9.323400244183149528e-05
-4.070151564802014824e-05
3.512160055757480539e-05
1.042372170916962076e-04
1.361278759336460571e-04
1.129108990697316425e-04
3.853561149307583661e-05
-6.045559634079072985e-05
-1.439217448748522350e-04
-1.740665216589748162e-04
-1.321473374378480295e-04
-2.871854011125049211e-05
9.780093367476431240e-05
1.948993443144024615e-04
2.173895757948669609e-04
1.479030385929630911e-04
7.363828698465186510e-06
-1.502150099932839892e-04
-2.579686760198357802e-04
-2.641175420793770651e-04
-1.561155154542642786e-04
2.998615357642628234e-05
2.205595072867136939e-04
3.329823672235022623e-04
3.109413417357018736e-04
1.515847236694642418e-04
-8.820010833903207048e-05
-3.111355894798355855e-04
-4.184360388024329497e-04
-3.529461186578573351e-04
-1.279522420501316715e-04
1.723184921124814336e-04
4.233022055738475706e-04
5.111370945873228329e-04
3.835050656417781680e-04
7.789211861990029851e-05
-2.871395887663712719e-04
-5.570336909583729467e-04
-6.059661138483852464e-04
-3.944151177529953535e-04
6.353619392226829147e-06
4.364251653790069264e-04
7.101266532800918577e-04
6.953614440953082964e-04
3.758341592753716666e-04
-1.325839085947318424e-04
-6.222267339673903663e-04
-8.775045659692082192e-04
-7.688290614545666493e-04
-3.160801483806007168e-04
3.086582909384182798e-04
8.449830228264746486e-04
1.051693035416497021e-03
8.139991568587914015e-04
2.032725887209846697e-04
-5.404851306872141426e-04
-1.101495519261460514e-03
-1.221138415886637929e-03
-8.154937405581823024e-04
-2.471943562278614299e-05
8.323652216232143046e-04
1.385357210267717338e-03
1.371020965554290523e-03
7.562288528190472172e-04
-2.314364430468315197e-04
-1.185340077709821005e-03
-1.685686843271040928e-03
-1.482645498328369772e-03
-6.174875571845921986e-04
5.756999154660957709e-04
1.596634730567435961e-03
1.986929296829237097e-03
1.533820078246333650e-03
3.798266271566719645e-04
-1.016085927543362334e-03
-2.058702413192131913e-03
-2.268432615316721534e-03
-1.499098711698311536e-03
-2.384421549420697928e-05
1.557180574453228064e-03
2.558527577359383503e-03
2.504289087013738483e-03
1.350219507922704489e-03
-4.689779823158262621e-04
-2.199245268670464628e-03
-3.077028050363664943e-03
-2.663242065546038342e-03
-1.056504206864263560e-03
1.115585184071116306e-03
2.937524846145162568e-03
3.588603624509201402e-03
2.708582986506373729e-03
5.850634211637258889e-04
-1.930967261592874762e-03
-3.761822763702125580e-03
-4.060745045023766986e-03
-2.597811327547760833e-03
9.947923836242063614e-05
2.928294355351449343e-03
4.656340895555634123e-03
4.453411903428339952e-03
2.281513704013316164e-03
-1.036378628567974271e-03
-4.120053008939091044e-03
-5.599877331922394584e-03
-4.717757776737696238e-03
-1.700589805563826112e-03
2.272326869520842341e-03
5.521001629730727840e-03
6.566559872503443217e-03
4.793514953997193330e-03
7.803888499931110759e-04
-3.868851367411647955e-03
-7.154045341562663939e-03
-7.526808520771450552e-03
-4.602840010037760089e-03
5.821172107489238972e-04
5.918012343549640397e-03
9.062276056721248543e-03
8.448588136773420645e-03
4.036195894995901409e-03
-2.546770728741402142e-03
-8.576873815881569385e-03
-1.133510916630909617e-02
-9.299159593518053699e-03
-2.918888284844677050e-03
5.397225574937480723e-03
1.214928547326535845e-02
1.417040275096462590e-02
1.004666669544078579e-02
9.214613290725571192e-04
-9.722154860595477038e-03
-1.731272476000711436e-02
-1.805166096924460881e-02
-1.066204223249396510e-02
2.724764884338496274e-03
1.701577116790096642e-02
2.591051107931069755e-02
2.440393109290735912e-02
1.112060546726417222e-02
-1.046539693870714334e-02
-3.253179271184288707e-02
-4.513568079974997205e-02
-3.952111449516578640e-02
-1.140359527718991586e-02
3.694953969125545218e-02
9.667301389892728192e-02
1.544506575874232679e-01
1.962545593560993396e-01
2.114992609440705662e-01
1.962545593560993396e-01
1.544506575874232679e-01
9.667301389892728192e-02
3.694953969125545218e-02
-1.140359527718991586e-02
-3.952111449516578640e-02
-4.513568079974997205e-02
-3.253179271184288707e-02
-1.046539693870714334e-02
1.112060546726417222e-02
2.440393109290735912e-02
2.591051107931069755e-02
1.701577116790096642e-02
2.724764884338496274e-03
-1.066204223249396510e-02
-1.805166096924460881e-02
-1.731272476000711436e-02
-9.722154860595477038e-03
9.214613290725571192e-04
1.004666669544078579e-02
1.417040275096462590e-02
1.214928547326535845e-02
5.397225574937480723e-03
-2.918888284844677050e-03
-9.299159593518053699e-03
-1.133510916630909617e-02
-8.576873815881569385e-03
-2.546770728741402142e-03
4.036195894995901409e-03
8.448588136773420645e-03
9.062276056721248543e-03
5.918012343549640397e-03
5.821172107489238972e-04
-4.602840010037760089e-03
-7.526808520771450552e-03
-7.154045341562663939e-03
-3.868851367411647955e-03
7.803888499931110759e-04
4.793514953997193330e-03
6.566559872503443217e-03
5.521001629730727840e-03
2.272326869520842341e-03
-1.700589805563826112e-03
-4.717757776737696238e-03
-5.599877331922394584e-03
-4.120053008939091044e-03
-1.036378628567974271e-03
2.281513704013316164e-03
4.453411903428339952e-03
4.656340895555634123e-03
2.928294355351449343e-03
9.947923836242063614e-05
-2.597811327547760833e-03
-4.060745045023766986e-03
-3.761822763702125580e-03
-1.930967261592874762e-03
5.850634211637258889e-04
2.708582986506373729e-03
3.588603624509201402e-03
2.937524846145162568e-03
1.115585184071116306e-03
-1.056504206864263560e-03
-2.663242065546038342e-03
-3.077028050363664943e-03
-2.199245268670464628e-03
-4.689779823158262621e-04
1.350219507922704489e-03
2.504289087013738483e-03
2.558527577359383503e-03
1.557180574453228064e-03
-2.384421549420697928e-05
-1.499098711698311536e-03
-2.268432615316721534e-03
-2.058702413192131913e-03
-1.016085927543362334e-03
3.798266271566719645e-04
1.533820078246333650e-03
1.986929296829237097e-03
1.596634730567435961e-03
5.756999154660957709e-04
-6.174875571845921986e-04
-1.482645498328369772e-03
-1.685686843271040928e-03
-1.185340077709821005e-03
-2.314364430468315197e-04
7.562288528190472172e-04
1.371020965554290523e-03
1.385357210267717338e-03
8.323652216232143046e-04
-2.471943562278614299e-05
-8.154937405581823024e-04
-1.221138415886637929e-03
-1.101495519261460514e-03
-5.404851306872141426e-04
2.032725887209846697e-04
8.139991568587914015e-04
1.051693035416497021e-03
8.449830228264746486e-04
3.086582909384182798e-04
-3.160801483806007168e-04
-7.688290614545666493e-04
-8.775045659692082192e-04
-6.222267339673903663e-04
-1.325839085947318424e-04
3.758341592753716666e-04
6.953614440953082964e-04
7.101266532800918577e-04
4.364251653790069264e-04
6.353619392226829147e-06
-3.944151177529953535e-04
-6.059661138483852464e-04
-5.570336909583729467e-04
-2.871395887663712719e-04
7.789211861990029851e-05
3.835050656417781680e-04
5.111370945873228329e-04
4.233022055738475706e-04
1.723184921124814336e-04
-1.279522420501316715e-04
-3.529461186578573351e-04
-4.184360388024329497e-04
-3.111355894798355855e-04
-8.820010833903207048e-05
1.515847236694642418e-04
3.109413417357018736e-04
3.329823672235022623e-04
2.205595072867136939e-04
2.998615357642628234e-05
-1.561155154542642786e-04
-2.641175420793770651e-04
-2.579686760198357802e-04
-1.502150099932839892e-04
7.363828698465186510e-06
1.479030385929630911e-04
2.173895757948669609e-04
1.948993443144024615e-04
9.780093367476431240e-05
-2.871854011125049211e-05
-1.321473374378480295e-04
-1.740665216589748162e-04
-1.439217448748522350e-04
-6.045559634079072985e-05
3.853561149307583661e-05
1.129108990697316425e-04
1.361278759336460571e-04
1.042372170916962076e-04
3.512160055757480539e-05
-4.070151564802014824e-05
-9.323400244183149528e-05
-1.045611221563920478e-04
-7.450804640966826218e-05
-1.883784788318479424e-05
3.849152686897534267e-05
7.537207704948343438e-05
7.978383886356950100e-05
5.328340329548980213e-05
8.966101695339193832e-06
-3.468992738421977108e-05
-6.129724007598496345e-05
-6.240806466727793730e-05
-3.977135481744266870e-05
-3.621199425389534020e-06
3.187393399540153899e-05
5.398424590019693667e-05
5.560048510327232673e-05
3.691756940540198516e-05
4.427129117223360885e-06
-3.202462378096040095e-05
-6.278139197345620982e-05
-8.124217476821313157e-05
-8.522619171312256368e-05
-7.669029061064963908e-05
-6.025077865863056893e-05
-4.124706131978153460e-05
-2.408376536793746045e-05
-1.131105019680992716e-05
-3.529273328643766691e-06
9.248985910143326191e-08
1.036644949040276473e-06
9.039541099740888629e-07
